49
21
35
95
76
8
16
14
66
42
60
90
50
3
28
14
83
36
50
9
70
51
7
26
25
25
43
81
49
37
92
88
18
85
37
11
82
55
83
23
62
12
18
34
88
98
35
64
41
61
20
13
65
25
13
39
37
91
72
41
69
31
35
50
72
64
87
83
96
17
34
35
88
2
3
78
36
34
45
54
45
63
56
76
74
76
15
84
4
24
71
82
56
1
21
50
2
94
37
41
18
78
83
76
3
43
18
90
6
4
4
75
33
27
76
63
1
18
1
33
22
89
74
83
59
38
23
55
83
99
79
42
90
96
96
59
70
82
72
27
16
83
89
77
97
26
3
95
2
75
55
8
67
91
73
33
66
15
20
24
93
97
67
54
77
72
89
46
79
76
28
85
78
47
87
38
59
93
49
39
55
75
38
66
13
15
21
58
83
78
77
82
63
38
67
23
47
88
32
92
79
94
97
96
37
58
62
92
65
2
70
49
57
64
83
23
30
57
74
51
51
99
28
31
24
43
50
22
86
46
13
5
89
23
2
82
20
77
18
96
100
16
30
35
79
71
80
94
20
28
20
38
2
21
73
50
22
5
95
88
56
7
80
33
36
36
21
6
4
2
18
78
36
96
30
49
10
98
56
60
28
58
82
68
37
79
43
57
66
88
60
50
74
13
53
9
32
22
18
49
35
83
48
12
83
32
2
32
68
71
75
6
1
63
70
31
72
3
60
57
88
1
87
32
96
41
3
32
72
8
60
79
71
78
69
96
87
33
85
64
99
79
53
27
48
16
99
95
50
56
73
1
30
48
5
70
30
58
40
88
96
25
31
78
34
29
45
84
77
31
63
0
67
71
32
19
76
65
34
94
64
92
45
83
95
12
74
95
11
21
23
74
33
18
37
97
73
53
7
33
90
15
5
69
99
39
97
24
91
45
41
4
83
34
59
88
50
64
15
7
47
66
87
74
82
22
73
81
45
74
95
69
79
17
83
83
10
51
70
33
48
27
51
26
44
42
17
49
34
68
5
99
78
27
64
70
36
18
84
83
14
74
20
47
94
48
65
5
44
27
85
33
72
94
19
6
47
56
7
65
5
1
82
36
51
45
27
54
14
23
20
27
24
42
99
60
5
82
99
99
90
78
68
54
62
31
14
6
37
6
12
49
57
69
48
54
79
96
61
94
50
72
52
29
56
85
63
24
70
22
91
38
65
2
46
52
66
32
12
51
95
40
71
90
35
5
13
22
31
48
10
12
64
23
39
1
20
44
62
60
17
81
63
14
5
71
21
15
65
5
83
60
10
71
39
77
34
73
56
98
9
86
92
17
66
80
93
17
38
76
79
16
4
28
17
60
29
37
2
25
12
27
0
70
14
60
64
6
13
90
54
63
84
38
68
20
6
91
23
100
85
69
39
84
73
81
70
60
67
100
13
38
79
84
54
78
89
58
88
84
50
64
29
4
86
34
50
52
94
65
30
30
28
85
74
49
59
52
47
21
36
79
27
91
78
4
83
63
57
74
60
63
80
28
7
64
93
78
83
99
45
41
78
94
45
44
21
38
100
51
66
37
71
87
79
37
13
91
89
42
81
17
96
83
2
53
4
79
33
24
62
20
67
35
76
87
18
49
26
98
97
99
40
84
79
32
71
47
23
50
74
19
60
27
87
72
92
35
93
51
78
9
54
5
44
55
52
43
66
70
33
52
65
89
2
49
8
30
30
42
69
19
60
100
39
64
59
17
72
55
32
69
43
36
46
98
39
0
88
48
35
86
10
50
5
80
10
30
3
5
10
30
3
71
87
39
54
34
24
36
18
65
80
85
24
95
89
37
53
23
25
43
22
96
18
8
32
15
24
63
64
41
37
38
95
34
61
17
17
35
64
64
85
23
63
32
69
66
0
68
50
31
89
74
97
14
90
47
77
32
94
50
27
77
60
93
46
77
29
42
40
42
20
59
44
40
81
48
63
42
91
16
11
13
63
87
6
91
83
72
97
85
31
21
19
37
89
51
48
0
52
89
40
47
75
24
92
22
1
15
54
55
51
70
37
91
64
8
71
35
10
37
29
4
54
89
26
61
53
26
85
59
12
12
69
3
25
3
4
21
24
25
74
77
69
27
100
71
38
64
0
52
91
62
26
15
15
29
43
27
55
74
31
50
10
46
95
9
72
84
88
60
20
65
46
65
85
72
66
7
9
41
7
59
0
37
79
10
11
10
72
0
61
32
8
17
21
53
34
53
29
87
10
79
75
31
99
97
32
64
75
59
96
88
31
69
40
96
22
93
22
45
22
85
81
78
58
21
62
100
39
74
55
83
26
14
19
73
47
11
78
56
53
89
75
16
32
31
88
38
78
85
67
77
43
95
68
8
3
0
42
74
58
41
28
0
60
66
31
85
37
29
83
22
74
15
54
96
21
23
8
62
83
96
47
48
1
21
26
36
66
47
11
19
76
38
19
26
2
100
8
40
48
87
50
25
41
85
63
82
6
0
70
46
96
41
84
20
18
21
30
29
60
17
46
95
85
51
8
37
66
54
94
94
11
6
75
65
81
0
66
34
54
63
8
62
89
32
74
73
35
8
8
11
25
69
81
22
58
69
17
94
8
90
35
51
63
72
80
63
76
54
61
53
91
9
7
83
94
20
23
97
27
40
77
46
16
13
92
100
16
43
45
4
29
57
41
86
50
90
57
26
35
82
50
90
47
16
0
44
60
33
18
71
17
51
7
78
81
52
9
9
22
96
5
20
2
57
26
16
96
90
96
44
71
24
45
29
67
7
65
27
51
10
44
72
78
45
75
97
35
44
85
18
69
58
16
98
15
48
23
73
80
95
78
14
97
45
83
60
27
66
90
2
10
64
33
21
65
0
65
81
42
26
39
89
0
39
78
92
95
14
87
31
97
21
71
96
6
24
67
43
63
45
55
55
24
27
82
93
30
84
77
26
73
77
97
91
9
79
13
50
98
30
22
1
7
43
67
51
70
86
38
13
8
31
88
66
44
3
76
100
32
97
86
96
15
84
16
31
88
58
17
69
6
84
17
96
75
89
43
68
33
20
59
88
99
5
85
30
14
85
85
10
79
68
27
64
11
71
90
46
92
44
71
61
17
50
28
39
50
12
92
30
28
13
94
27
96
84
39
40
21
88
72
63
37
65
9
47
79
13
82
16
1
51
93
76
78
24
90
95
13
31
54
70
36
99
93
22
69
95
32
4
86
43
90
20
73
40
79
100
43
10
51
88
51
100
27
17
93
29
63
46
39
14
24
72
27
38
3
3
81
57
66
38
65
48
43
89
95
93
22
1
66
12
80
56
40
9
31
41
89
28
59
59
97
72
6
2
11
81
30
82
82
30
24
9
7
96
70
20
74
85
89
68
85
80
14
83
96
50
33
89
18
99
76
95
13
28
36
33
70
11
75
54
94
36
86
6
67
86
56
3
70
32
61
36
16
33
50
49
55
80
97
90
86
83
72
20
17
13
54
73
8
31
82
18
94
51
97
17
63
88
26
52
92
10
71
6
5
52
5
30
44
87
53
89
84
72
74
51
85
67
35
66
76
26
78
82
25
78
96
35
17
71
68
24
3
1
64
33
51
24
51
53
92
55
58
5
85
88
82
10
10
19
16
25
49
96
61
17
1
76
79
65
17
45
22
30
23
81
86
51
58
99
95
65
77
47
51
19
98
40
70
53
93
10
63
13
9
81
20
44
98
96
41
57
42
13
17
69
74
11
19
46
31
91
34
44
49
63
62
43
19
3
30
37
0
73
33
96
23
25
96
47
87
26
72
28
38
8
40
65
47
54
28
31
39
5
86
30
32
17
70
49
21
71
33
76
83
64
44
90
68
64
89
27
57
74
48
48
59
68
37
11
60
6
89
78
71
7
53
75
26
10
14
80
25
55
87
72
68
41
37
13
65
71
65
50
2
56
61
5
100
74
0
17
99
61
84
83
85
94
61
68
38
18
22
57
68
97
6
18
49
20
62
14
1
29
78
52
95
65
91
7
19
72
99
39
1
40
52
9
15
0
76
39
12
66
73
75
41
83
21
47
15
57
40
98
67
12
32
54
98
6
56
68
94
57
91
92
27
93
84
49
26
67
62
29
65
19
87
59
97
41
91
19
16
47
64
12
93
19
100
52
66
39
59
23
54
44
89
4
58
99
85
82
89
23
60
76
48
14
56
0
64
47
60
22
71
47
77
48
39
22
21
98
15
14
54
22
11
40
94
16
86
29
4
59
39
19
2
55
7
34
49
27
14
35
99
15
79
33
47
81
6
53
9
45
30
44
2
69
47
7
84
3
94
89
73
76
95
36
74
97
13
21
9
48
67
32
44
99
24
73
25
94
30
32
49
32
55
42
76
32
49
24
1
23
93
24
53
68
26
5
66
95
64
35
59
34
73
48
91
64
32
76
15
2
57
97
42
18
36
23
10
50
85
41
36
41
78
100
54
10
49
58
32
22
63
91
88
12
37
62
8
87
83
59
49
49
90
83
87
15
3
91
47
56
53
82
97
36
40
60
13
13
78
35
70
55
57
48
15
16
77
84
4
16
29
91
95
56
3
59
24
32
2
5
93
84
87
42
86
38
68
80
52
30
100
6
65
59
61
84
14
65
56
65
72
75
76
55
3
87
80
59
63
80
92
90
51
24
81
62
11
36
73
57
62
28
47
83
85
96
62
82
50
83
8
53
9
15
96
68
35
89
79
4
22
100
56
14
30
1
73
64
48
100
100
18
92
32
89
50
55
12
54
33
23
94
93
72
48
65
50
36
31
33
51
0
63
91
69
55
34
31
60
63
77
63
40
62
79
65
65
43
41
95
7
99
41
11
68
48
68
30
1
0
62
79
43
8
2
20
1
85
38
94
87
99
84
67
16
55
28
75
88
15
96
74
81
83
32
0
41
77
62
51
15
58
82
61
23
66
48
93
90
0
79
9
51
83
42
64
7
27
82
13
91
22
95
56
13
39
18
21
19
23
74
87
79
75
25
50
19
7
90
23
49
10
86
57
65
43
91
91
38
86
83
47
3
79
58
21
16
79
73
33
75
70
49
65
63
28
3
59
21
56
47
76
92
4
38
83
10
79
7
87
20
84
77
42
53
22
5
54
11
52
18
25
17
65
77
35
84
35
38
83
75
37
46
88
10
94
45
16
69
44
28
74
18
96
49
9
60
22
71
18
9
19
16
68
69
0
33
75
86
16
74
71
24
39
29
27
90
25
40
60
88
66
13
51
87
68
46
37
16
8
85
63
24
16
23
52
98
12
84
44
88
96
89
84
89
79
93
38
31
65
28
1
58
70
93
85
51
1
59
9
36
73
39
1
51
87
21
74
91
57
42
43
7
71
60
80
46
64
51
99
61
58
47
34
9
86
45
7
39
57
92
86
34
17
40
17
28
48
66
0
23
3
83
86
63
55
44
70
22
72
40
42
16
5
60
59
59
47
50
12
70
83
35
91
76
52
39
21
92
47
2
47
74
43
46
86
46
75
28
36
21
50
16
33
89
40
80
41
95
30
0
62
1
78
80
84
93
99
98
99
78
13
33
38
68
12
60
4
42
83
51
61
14
13
69
100
31
77
34
43
3
78
58
67
49
78
16
79
79
23
71
56
7
50
54
12
84
26
62
77
29
84
50
52
76
49
68
77
41
29
26
82
53
33
13
90
44
34
23
37
74
9
93
61
68
67
63
65
70
65
9
59
95
84
63
14
36
24
34
33
25
34
92
27
3
46
97
20
24
11
29
70
32
9
77
54
44
42
56
32
84
71
44
61
22
13
12
88
43
50
74
34
23
45
44
100
58
59
39
54
66
3
54
96
74
1
2
85
57
83
94
85
68
54
82
52
44
28
24
85
69
39
57
2
16
68
92
65
25
49
96
66
27
56
82
10
50
63
41
16
26
70
75
2
27
23
50
47
83
51
79
14
40
66
66
99
84
6
31
55
42
60
60
5
67
81
84
45
49
18
82
83
92
48
12
98
21
6
41
30
71
44
90
66
31
84
47
2
8
14
7
0
20
44
50
62
27
59
47
82
42
78
25
59
86
24
12
85
40
56
94
36
61
10
95
34
73
99
58
0
32
2
47
33
84
48
60
78
23
18
50
53
50
57
33
76
79
83
99
40
93
90
80
39
1
96
18
38
23
73
64
29
41
92
35
83
1
97
74
49
65
28
81
83
2
8
66
67
66
25
18
78
7
82
29
80
95
73
98
18
50
12
30
18
81
40
61
70
8
37
71
85
71
29
2
59
33
86
82
93
55
9
35
16
95
56
19
21
66
24
58
61
40
52
24
99
29
50
46
93
11
90
94
32
32
62
71
67
92
56
61
22
48
91
57
4
20
47
95
21
50
85
27
1
2
18
35
7
95
62
81
55
47
21
64
90
58
34
29
14
27
38
34
71
3
26
52
53
40
50
95
7
46
6
26
28
53
16
97
15
100
94
31
44
68
93
60
95
12
7
87
81
23
87
9
37
62
37
87
59
44
88
49
1
47
13
57
50
79
42
95
64
83
21
60
51
48
41
87
25
4
45
31
48
27
94
53
55
69
62
77
68
98
52
82
35
74
16
50
90
20
53
43
94
2
90
57
76
10
2
8
39
73
67
95
49
15
44
33
33
98
71
51
43
94
50
10
59
28
59
4
12
39
99
82
48
77
82
67
74
63
41
5
9
84
84
6
15
19
59
23
39
4
39
76
11
53
18
44
26
8
46
26
70
49
70
40
1
77
89
48
31
11
60
5
18
57
39
23
67
14
46
82
21
14
34
19
94
73
38
50
25
26
40
12
21
32
73
50
100
30
89
45
93
8
79
86
59
30
53
73
86
80
59
18
4
95
69
90
43
1
32
51
89
50
11
96
43
63
83
66
12
32
42
78
71
53
30
88
10
49
57
55
64
12
23
65
3
63
85
39
1
43
74
35
94
7
65
28
68
40
73
42
90
58
41
69
13
16
79
8
68
60
77
8
60
38
44
16
82
21
76
48
46
36
5
18
30
53
41
35
53
14
88
71
14
24
38
14
57
69
67
53
92
7
60
19
44
58
26
24
59
27
8
48
59
11
89
83
39
69
10
53
67
36
18
69
99
79
62
30
77
3
83
25
51
24
36
29
44
86
48
70
93
46
73
76
71
19
56
59
100
66
86
84
34
63
63
62
28
77
49
13
37
78
89
87
95
32
25
34
5
19
37
7
34
72
7
0
70
91
12
39
1
35
81
17
23
97
66
16
45
84
9
66
24
62
98
44
23
50
92
26
77
19
19
22
60
34
14
26
68
45
55
7
29
32
18
65
90
74
35
34
36
59
37
12
4
69
69
35
59
12
94
37
69
96
96
12
39
59
9
80
32
94
79
61
57
98
98
68
82
71
49
89
28
94
11
15
50
46
39
31
98
93
64
8
87
27
37
93
19
30
96
72
12
65
80
61
69
5
72
29
78
48
44
73
87
59
63
7
81
66
8
87
67
93
80
9
86
89
58
86
10
40
62
74
30
72
28
51
17
2
50
61
42
78
6
90
4
64
36
42
64
21
90
84
47
63
91
64
56
54
3
34
26
21
91
9
63
20
96
30
47
49
40
68
63
80
86
0
7
14
54
36
99
79
13
64
94
86
39
7
85
8
77
41
19
22
63
47
37
84
14
63
48
95
66
9
59
30
96
64
8
1
76
69
80
9
18
35
4
45
30
33
36
58
50
34
47
22
58
65
75
100
78
83
98
61
77
22
91
33
1
8
92
67
22
75
77
76
59
30
74
69
28
45
39
50
45
75
46
80
33
21
4
63
80
80
87
53
68
48
19
71
49
83
33
85
72
84
99
84
32
48
35
47
79
70
63
96
10
50
91
56
49
74
57
33
38
76
72
85
7
12
95
45
32
94
51
96
78
90
10
100
69
64
92
10
8
16
88
94
29
86
30
66
25
23
47
64
78
73
2
21
37
88
29
70
88
22
25
92
52
42
31
1
12
29
25
54
13
78
33
62
79
47
9
93
83
93
56
87
31
22
44
32
60
33
54
99
67
98
68
32
97
44
83
80
64
78
99
23
8
96
79
12
10
45
43
77
77
26
2
75
28
73
15
2
6
14
49
20
12
70
19
55
61
100
40
50
85
18
44
51
14
41
83
31
38
53
63
22
32
50
33
85
31
100
54
92
5
6
31
86
74
36
83
84
28
16
60
6
22
72
72
43
88
84
29
42
96
23
67
68
47
95
7
50
46
82
21
39
86
2
52
13
65
16
34
5
59
9
11
15
10
64
75
81
81
38
67
45
89
20
14
60
80
45
30
57
24
8
37
41
5
64
76
24
40
30
96
62
59
15
14
71
93
59
24
47
55
29
48
24
11
76
18
75
32
56
75
47
98
75
98
73
22
97
41
14
25
58
43
28
16
15
70
77
92
25
81
80
57
53
6
90
20
71
31
52
78
12
4
87
50
96
71
86
80
48
69
0
63
15
61
57
43
83
33
1
77
63
90
66
47
41
18
78
10
24
100
3
42
100
46
20
58
98
57
29
90
46
26
48
30
32
24
29
84
6
7
58
78
37
86
100
82
78
85
74
62
81
44
88
47
78
12
9
97
58
93
60
80
95
67
88
42
88
84
12
65
43
96
10
90
51
86
42
36
82
56
59
51
90
33
35
4
28
6
50
18
34
100
77
83
72
88
49
30
89
90
34
6
81
95
2
93
55
81
17
10
72
87
55
92
18
42
76
94
25
61
36
87
65
64
21
34
33
59
76
15
21
4
23
73
26
50
2
76
78
26
24
72
94
17
17
70
88
90
12
74
45
83
59
5
29
82
34
99
45
30
44
36
51
39
37
86
77
15
61
28
66
52
79
50
2
61
49
7
93
75
42
47
96
93
82
11
59
7
3
64
44
57
46
7
99
7
15
80
94
54
94
16
22
88
40
67
6
11
6
24
53
93
60
33
65
68
81
31
63
99
62
18
61
8
85
82
96
50
75
98
1
26
28
3
67
67
2
97
73
70
25
36
11
75
1
2
18
35
52
43
11
71
41
53
56
53
15
0
54
77
8
59
29
65
58
30
48
73
68
63
13
86
37
12
26
44
49
43
58
84
29
87
2
66
98
86
16
39
76
63
52
16
89
9
69
90
10
81
100
63
72
97
42
62
36
6
16
15
50
65
13
58
41
46
25
25
84
26
0
18
12
88
80
31
100
62
16
58
95
72
59
41
80
49
76
98
61
9
29
91
39
60
88
65
85
100
13
24
36
6
15
10
18
64
33
85
77
13
7
40
98
19
21
41
35
4
62
27
89
64
31
8
89
7
77
84
4
2
29
41
59
62
85
83
21
32
9
19
17
81
90
45
88
13
0
13
10
4
12
89
65
45
85
3
88
93
39
2
14
29
45
46
49
44
65
37
90
71
49
83
37
97
54
33
35
5
52
1
19
35
97
6
41
46
88
88
59
71
47
83
74
8
54
69
32
71
6
41
46
93
56
0
5
97
42
65
30
78
65
16
84
15
39
88
1
89
37
15
27
10
74
27
83
13
52
5
12
21
71
62
81
68
42
47
92
96
18
99
76
14
68
91
38
34
4
64
17
59
38
69
58
37
95
73
69
81
12
86
74
81
38
98
41
51
82
33
44
74
16
0
99
61
71
75
68
67
44
55
23
65
2
45
6
4
96
42
8
6
73
9
23
50
9
53
50
43
76
43
4
87
99
21
22
79
83
34
86
83
60
75
56
65
70
95
86
74
28
82
24
3
69
12
41
26
79
46
46
74
63
52
100
17
83
65
1
87
68
44
34
95
17
25
20
86
45
99
8
93
38
40
28
83
34
97
85
95
59
85
63
7
54
60
36
20
87
4
22
78
74
42
27
55
0
43
2
73
5
77
29
51
34
100
25
38
94
19
59
0
62
23
30
33
56
14
28
14
75
71
74
75
96
92
73
12
4
23
94
9
50
66
62
71
96
30
5
68
31
92
75
1
40
91
90
61
79
93
58
71
13
33
17
10
63
40
76
19
79
13
74
46
37
91
51
10
47
70
33
75
32
48
34
0
49
6
10
17
2
3
84
89
89
57
98
30
98
21
86
18
76
29
15
14
50
59
4
51
83
73
23
8
4
87
63
61
91
87
1
34
68
87
13
1
82
29
1
90
44
78
40
68
100
56
25
52
33
11
42
15
36
53
23
93
63
50
18
79
62
52
30
46
22
67
69
18
0
79
94
32
77
45
14
35
84
67
67
14
14
42
54
69
40
62
5
98
78
20
70
40
100
98
50
3
72
12
47
47
88
35
43
100
15
12
94
32
43
74
26
9
64
95
45
100
37
33
57
51
75
55
48
70
50
90
47
7
21
80
99
41
14
64
71
67
79
56
6
24
90
0
33
20
99
88
89
31
37
91
88
6
66
72
37
49
47
83
75
7
35
93
6
59
30
77
86
25
85
57
43
94
1
79
56
95
8
2
8
50
48
70
22
60
67
47
46
46
70
91
7
39
63
65
91
90
21
51
97
25
5
99
79
70
84
78
20
60
9
94
47
18
12
93
95
15
57
83
9
76
1
45
21
81
48
21
32
65
17
59
31
95
70
84
66
96
67
37
55
19
43
18
42
62
79
85
43
54
33
72
4
91
69
20
34
58
47
53
69
78
61
73
9
27
46
98
34
6
36
26
29
12
54
37
5
61
59
69
95
98
75
76
62
4
33
96
75
0
98
37
28
90
79
79
68
51
36
25
15
69
86
2
41
35
92
43
69
17
19
67
56
56
76
63
73
25
38
98
28
48
21
100
73
65
73
58
42
80
30
1
3
3
38
86
3
57
63
48
59
24
98
83
23
78
34
5
88
72
17
76
93
9
16
30
3
67
10
42
2
98
24
43
13
3
19
76
49
16
67
52
7
81
1
11
100
20
71
51
40
68
33
28
53
93
94
35
85
44
97
61
40
20
95
92
37
63
83
15
47
60
64
4
31
96
36
79
63
63
74
94
83
74
94
83
99
55
5
55
51
30
88
35
13
39
19
92
37
30
44
3
11
33
51
78
16
32
47
89
65
33
31
53
69
64
30
42
94
29
46
3
19
79
83
78
99
84
76
43
39
11
83
63
87
22
98
68
31
44
68
80
15
81
75
90
44
88
24
82
92
35
84
47
32
9
22
75
75
70
87
1
60
50
87
66
34
61
34
38
68
14
52
67