59
6
8
75
1
41
50
56
89
31
32
21
88
62
75
24
41
41
52
54
76
51
82
41
96
82
68
25
52
52
32
42
95
82
13
76
25
11
74
51
40
10
21
80
10
41
10
71
11
28
67
84
98
69
43
68
28
28
16
23
4
25
62
86
51
70
86
96
52
21
87
4
84
26
63
19
38
97
76
51
91
89
75
25
48
76
63
19
8
100
98
97
26
52
1
96
77
54
76
59
20
84
83
49
73
77
80
44
96
23
79
38
12
2
16
90
52
11
51
86
98
80
42
51
70
29
66
99
81
7
56
73
85
70
48
54
25
62
63
85
49
53
59
22
28
61
69
76
18
38
48
75
63
97
85
97
3
54
76
46
85
93
9
25
53
68
58
11
52
38
51
13
97
78
14
27
4
67
46
11
34
49
62
86
55
45
56
93
56
13
95
55
80
48
29
9
61
13
54
62
63
14
77
72
93
17
54
31
4
44
49
93
86
85
27
1
18
86
5
35
32
53
27
66
11
37
2
92
82
58
29
77
71
25
29
65
86
23
7
14
14
86
7
89
73
41
53
29
19
83
93
13
34
16
69
40
10
71
49
79
7
12
40
51
63
41
63
50
33
37
79
67
99
32
35
49
31
52
43
55
32
12
27
66
37
94
91
89
88
30
59
77
73
86
89
59
50
85
88
89
96
54
39
22
84
47
15
14
17
25
93
53
71
66
82
59
39
91
43
5
29
61
47
50
39
32
61
52
42
6
18
88
53
68
76
32
57
28
15
10
80
46
20
7
17
47
96
98
17
24
22
31
22
53
43
24
34
73
6
5
51
1
44
66
92
26
80
9
21
84
94
70
96
93
74
9
45
30
89
96
71
13
52
42
91
27
6
95
31
11
78
40
57
22
23
4
80
34
93
79
86
88
45
36
51
74
89
50
86
16
2
28
85
53
2
74
43
96
21
36
33
68
15
79
65
21
84
52
81
79
62
29
48
25
29
89
47
46
20
72
23
11
3
23
13
87
17
17
58
44
80
87
67
10
83
73
11
98
41
19
72
3
32
86
25
48
15
94
66
13
56
30
43
27
58
6
62
63
15
61
73
33
35
72
2
6
73
62
70
52
48
53
52
22
92
70
79
93
82
58
40
30
9
88
63
7
90
1
80
57
12
86
