3
99
44
57
51
37
1
9
34
91
56
10
86
84
13
52
54
4
83
84
17
58
27
64
78
77
44
73
74
48
88
70
2
11
32
80
50
51
97
53
11
8
52
16
85
55
75
8
47
78
57
22
12
45
48
91
25
71
70
49
100
3
18
63
40
96
64
71
62
63
73
12
72
27
97
88
42
85
63
39
29
19
5
52
79
67
1
83
83
57
78
41
84
34
6
53
17
28
83
7
19
24
26
55
56
67
83
2
15
58
59
71
100
68
86
74
19
37
18
21
50
30
4
32
45
29
54
58
12
70
2
21
1
3
96
73
65
89
50
86
50
63
46
43
78
98
54
34
21
20
34
45
47
68
61
33
16
91
72
50
8
64
61
56
91
21
65
100
38
12
52
96
28
35
19
58
33
97
69
14
11
66
12
31
73
44
19
4
16
86
36
19
11
78
39
5
32
5
11
23
87
15
33
52
44
32
23
41
17
40
37
35
2
73
37
70
75
24
91
39
69
42
98
62
84
97
9
88
80
52
88
97
50
54
34
57
82
39
42
18
79
35
16
60
56
11
9
13
5
70
51
71
85
11
24
84
67
18
5
82
5
39
49
80
69
16
85
32
14
47
87
16
43
84
10
11
7
24
90
43
51
89
26
3
4
31
16
40
67
87
59
39
35
91
15
2
76
22
68
20
9
81
16
87
53
48
8
1
49
53
21
74
45
4
54
35
86
65
76
86
50
57
7
44
3
26
92
49
3
74
88
1
93
48
80
98
68
63
90
15
14
29
37
23
66
60
6
46
97
90
81
11
93
34
17
36
91
16
93
73
91
80
88
28
27
73
15
18
51
14
89
18
40
18
31
59
76
65
89
99
48
10
64
99
59
78
27
36
94
58
9
15
57
46
32
65
100
8
28
10
7
79
34
14
43
13
2
35
4
31
26
52
32
35
3
15
69
82
63
17
86
12
15
17
12
30
84
70
99
97
31
85
3
5
100
71
25
95
8
32
11
62
6
91
72
33
49
12
24
79
47
95
19
71
55
58
47
84
62
50
48
12
61
15
92
70
80
31
8
80
27
17
46
5
36
70
40
25
73
47
85
60
70
4
17
100
81
49
71
31
39
96
12
51
53
85
44
1
25
60
57
47
74
62
35
37
59
96
69
6
38
26
64
36
75
42
18
39
41
14
99
15
88
90
33
35
98
58
60
19
18
36
53
66
89
57
85
32
35
43
52
14
67
7
12
3
64
93
28
9
19
58
88
99
25
78
1
81
73
34
52
61
75
3
57
71
48
46
18
78
54
34
76
49
20
77
37
93
47
20
86
29
97
7
39
22
18
77
33
64
11
77
2
92
54
50
30
86
28
90
54
57
66
18
41
39
36
57
11
65
48
11
35
27
40
41
52
85
12
36
45
27
80
55
16
58
50
67
79
43
33
72
80
7
32
50
59
60
11
6
74
15
51
76
49
95
49
67
70
89
55
5
22
7
81
44
79
18
28
12
25
30
15
73
27
7
30
52
73
79
44
92
10
68
45
76
100
81
97
55
69
63
65
43
3
19
29
20
97
19
61
76
98
4
68
78
28
76
24
1
3
54
26
54
96
94
82
42
10
86
22
40
32
60
34
76
31
11
34
100
16
40
3
28
17
59
73
27
32
8
91
46
4
67
8
56
100
49
80
94
83
74
85
93
99
79
82
63
4
30
28
73
92
91
10
38
42
38
70
90
84
3
22
38
3
66
83
11
68
2
14
81
11
75
50
18
73
54
49
30
83
1
92
85
97
38
52
4
29
13
81
79
97
21
14
15
68
54
81
87
96
31
52
84
44
41
21
22
87
38
88
68
71
89
16
52
31
99
64
55
58
50
12
88
21
81
13
3
84
100
1
33
73
65
54
28
14
12
69
86
12
92
2
73
74
25
63
50
21
89
55
38
5
10
37
13
54
77
49
8
100
7
68
10
67
34
44
71
11
33
81
55
42
26
11
33
68
35
17
10
98
19
51
60
68
47
