26
94
51
74
30
5
59
51
99
66
23
22
4
7
64
47
20
48
31
21
27
57
48
56
9
26
79
55
39
42
100
6
85
21
82
40
87
39
59
13
28
42
61
82
8
42
88
23
67
7
8
86
93
79
29
65
27
36
37
23
19
8
76
49
7
31
29
18
14
44
97
62
80
35
72
39
72
90
23
30
38
27
36
46
33
68
38
29
26
54
12
32
93
72
29
88
25
6
5
54
52
97
24
2
29
96
29
71
44
64
15
20
45
54
79
46
53
46
62
24
39
19
92
11
98
35
30
6
45
67
18
54
48
19
47
18
7
71
5
93
72
61
28
25
78
11
68
71
98
93
56
36
79
25
2
17
72
92
35
10
31
4
14
77
25
78
99
97
82
66
73
24
45
56
97
86
17
38
15
57
97
58
74
44
82
48
19
88
54
28
34
34
48
4
45
23
39
4
66
97
49
39
66
40
85
55
8
49
57
7
65
29
99
36
15
28
78
3
74
97
19
7
28
46
74
74
31
46
2
36
15
12
70
91
86
65
64
23
37
17
63
42
70
90
37
79
18
14
98
39
61
22
46
21
87
66
58
96
63
100
40
1
1
25
36
85
27
53
39
97
13
32
76
62
23
48
61
69
48
63
24
74
87
72
25
15
64
85
75
78
25
68
1
33
16
30
41
51
78
68
26
44
91
80
2
30
82
79
36
39
96
36
82
17
25
99
16
47
12
86
75
28
75
62
6
40
85
90
56
93
65
22
56
44
51
81
38
37
92
8
28
10
59
84
79
35
60
56
84
45
36
11
11
25
13
59
73
76
65
91
45
25
30
67
56
92
36
85
25
97
71
20
33
57
91
67
97
52
16
99
99
74
14
70
89
50
16
100
37
79
75
85
83
39
50
92
48
75
2
85
48
77
46
20
18
26
45
88
12
69
21
97
78
95
26
12
5
39
77
13
47
6
79
39
78
6
63
96
59
58
58
68
96
56
9
11
83
32
81
13
95
6
34
42
24
35
19
9
60
48
42
75
46
27
34
69
2
65
40
23
53
20
1
2
37
26
21
27
77
2
63
57
2
55
57
33
85
62
69
66
9
8
66
53
19
89
47
22
53
75
13
15
70
77
95
55
8
33
90
10
99
69
97
35
10
51
33
52
5
35
75
47
67
98
10
44
65
73
22
75
86
44
18
96
64
6
15
35
69
81
16
98
79
6
29
9
63
8
85
61
72
49
89
40
5
21
87
6
57
12
80
55
38
59
46
89
57
42
69
82
58
40
40
13
41
45
88
81
17
44
21
78
13
64
42
99
76
85
38
57
71
69
22
12
86
26
7
74
11
57
55
78
5
37
88
11
39
13
59
14
49
94
67
93
56
25
24
90
81
71
69
13
26
61
13
34
36
14
89
97
39
43
31
17
22
36
86
14
64
14
44
36
67
41
53
95
68
59
76
85
50
88
57
66
35
61
7
40
3
84
86
51
77
5
9
58
86
73
90
39
35
87
93
6
51
7
63
43
54
41
64
62
47
21
36
3
8
69
26
60
91
83
87
33
17
5
80
31
24
97
10
77
73
56
26
98
14
43
69
72
49
46
42
4
47
75
9
66
82
55
67
42
77
47
34
51
96
4
60
82
80
72
88
51
25
82
36
41
20
96
63
44
58
98
98
26
60
13
20
40
64
54
73
1
67
58
79
1
85
1
97
95
6
82
78
9
77
93
45
82
87
13
58
43
43
82
28
11
73
44
82
97
50
100
39
30
43
74
7
17
26
7
84
4
98
74
58
33
78
61
68
42
36
58
61
38
19
17
48
61
82
84
23
26
17
34
87
35
54
2
8
21
52
40
92
31
95
81
22
28
18
19
59
81
59
91
29
57
62
22
1
83
60
60
27
98
80
39
49
32
6
54
63
88
8
63
96
61
100
50
96
49
30
45
63
89
31
57
35
13
2
68
57
46
7
41
25
100
74
34
60
5
81
46
64
25
69
13
74
84
99
63
94
72
55
49
87
76
61
18
24
44
44
75
15
24
4
67
31
62
31
4
82
17
65
74
88
21
99
16
81
100
60
5
54
86
76
97
5
31
13
4
16
97
33
88
24
66
40
86
62
26
25
34
60
93
32
56
17
3
36
19
71
59
99
45
68
62
71
66
10
75
75
38
35
85
98
66
38
42
56
24
80
5
35
99
75
72
87
93
31
98
20
29
97
32
17
27
34
52
4
95
85
78
91
86
84
87
51
66
88
42
62
82
23
4
9
15
64
86
21
11
94
87
47
51
19
2
89
56
92
85
30
53
20
17
52
65
11
7
72
28
81
40
36
52
94
51
33
47
