61
41
31
90
98
3
89
53
83
66
96
87
9
31
83
77
83
43
42
82
54
62
55
19
90
1
36
94
75
14
9
9
36
96
49
32
35
82
11
91
36
99
64
74
58
91
80
80
50
76
26
49
24
12
9
52
9
8
62
45
23
80
39
79
11
79
20
54
68
66
68
2
44
38
62
80
96
17
53
9
34
16
13
52
97
32
77
71
28
50
62
61
56
13
66
85
42
78
76
7
47
85
1
42
4
64
12
41
37
24
86
47
23
7
1
55
89
67
91
40
76
68
85
19
49
81
4
20
37
37
92
8
62
2
67
33
50
57
57
97
62
48
84
15
60
28
36
92
35
22
53
7
9
46
37
25
74
2
51
94
91
43
45
84
64
33
15
38
42
62
78
32
48
80
54
31
97
73
92
82
87
69
42
59
39
11
87
64
94
78
39
48
24
27
27
5
29
35
68
84
59
89
94
53
42
41
63
92
10
35
58
11
66
91
67
45
8
57
63
24
20
60
36
90
84
13
82
23
81
8
20
48
44
25
96
72
44
70
33
53
27
76
64
92
55
81
65
37
89
47
53
55
74
66
56
70
65
45
12
80
2
20
92
59
79
52
42
43
32
39
48
86
100
91
63
39
58
90
78
33
57
78
19
53
30
81
35
98
49
62
82
40
39
55
50
50
4
40
75
90
97
64
77
7
24
70
14
50
45
46
26
66
17
19
28
88
71
22
48
84
31
61
96
52
36
14
52
36
62
53
85
88
61
80
90
73
41
62
21
66
72
41
12
40
29
84
25
41
88
65
44
70
59
60
85
78
93
16
23
7
4
35
50
97
58
5
87
99
100
2
41
39
2
16
50
9
78
66
10
65
27
47
83
27
81
28
69
51
20
62
76
16
69
11
48
22
35
58
41
15
16
93
35
44
3
69
14
99
65
62
7
68
12
8
3
22
76
11
95
27
36
24
75
42
91
85
23
51
54
24
69
71
62
94
86
41
37
14
90
54
12
90
50
48
89
15
44
77
65
67
10
16
40
1
16
72
61
66
49
85
90
61
30
11
86
96
36
52
28
56
14
85
92
56
5
52
4
29
25
10
46
78
85
65
32
70
69
50
23
57
69
15
33
9
34
46
95
75
15
82
89
89
77
74
21
39
32
49
47
51
9
66
58
50
63
21
37
36
99
32
68
58
88
75
70
5
67
84
17
19
42
40
62
10
48
66
58
50
92
91
59
67
52
99
23
53
58
85
72
7
12
51
66
27
96
24
82
35
34
34
63
65
38
96
83
30
47
4
20
35
58
77
62
24
49
70
9
24
34
96
91
19
14
75
57
77
37
86
71
86
80
25
11
91
58
79
35
59
47
20
3
74
23
77
60
88
10
33
63
92
26
46
57
86
22
11
65
51
50
80
10
52
55
61
86
19
60
16
10
75
88
40
91
93
85
98
77
56
35
6
10
36
80
86
15
58
18
38
15
32
61
39
41
13
61
98
9
18
49
33
34
52
91
98
64
83
89
81
26
27
28
57
50
99
99
88
42
86
7
60
65
97
59
41
48
59
64
69
96
8
71
31
88
57
11
67
93
35
79
96
21
81
25
49
42
64
24
26
65
49
51
84
92
39
92
87
63
80
61
89
41
55
48
89
84
100
36
2
38
46
60
91
99
48
94
82
2
1
64
61
23
96
64
39
86
38
45
55
12
16
73
85
96
26
98
97
32
41
25
90
49
41
54
5
91
93
6
67
25
93
20
76
76
43
35
21
90
83
5
70
1
58
75
65
13
53
59
98
85
64
74
47
42
13
53
91
85
55
30
85
28
3
46
40
3
53
54
40
42
31
5
94
53
75
5
84
57
5
60
12
49
51
77
83
6
59
47
12
6
46
6
18
91
22
98
74
22
22
45
37
80
